        1002         500
  0.0000000E+00  0.0000000E+00  0.0000000E+00
  0.0000000E+00   1.000000      0.0000000E+00
   1.000000      0.0000000E+00 -9.9999998E-03
   1.000000       1.000000     -9.9999998E-03
   2.000000      0.0000000E+00 -2.0000000E-02
   2.000000       1.000000     -2.0000000E-02
   3.000000      0.0000000E+00 -2.9999999E-02
   3.000000       1.000000     -2.9999999E-02
   4.000000      0.0000000E+00 -3.9999999E-02
   4.000000       1.000000     -3.9999999E-02
   5.000000      0.0000000E+00 -4.9999997E-02
   5.000000       1.000000     -4.9999997E-02
   6.000000      0.0000000E+00 -5.9999999E-02
   6.000000       1.000000     -5.9999999E-02
   7.000000      0.0000000E+00 -7.0000000E-02
   7.000000       1.000000     -7.0000000E-02
   8.000000      0.0000000E+00 -7.9999998E-02
   8.000000       1.000000     -7.9999998E-02
   9.000000      0.0000000E+00 -8.9999996E-02
   9.000000       1.000000     -8.9999996E-02
   10.00000      0.0000000E+00 -9.9999994E-02
   10.00000       1.000000     -9.9999994E-02
   11.00000      0.0000000E+00 -0.1100000    
   11.00000       1.000000     -0.1100000    
   12.00000      0.0000000E+00 -0.1200000    
   12.00000       1.000000     -0.1200000    
   13.00000      0.0000000E+00 -0.1300000    
   13.00000       1.000000     -0.1300000    
   14.00000      0.0000000E+00 -0.1400000    
   14.00000       1.000000     -0.1400000    
   15.00000      0.0000000E+00 -0.1500000    
   15.00000       1.000000     -0.1500000    
   16.00000      0.0000000E+00 -0.1600000    
   16.00000       1.000000     -0.1600000    
   17.00000      0.0000000E+00 -0.1700000    
   17.00000       1.000000     -0.1700000    
   18.00000      0.0000000E+00 -0.1800000    
   18.00000       1.000000     -0.1800000    
   19.00000      0.0000000E+00 -0.1900000    
   19.00000       1.000000     -0.1900000    
   20.00000      0.0000000E+00 -0.2000000    
   20.00000       1.000000     -0.2000000    
   21.00000      0.0000000E+00 -0.2100000    
   21.00000       1.000000     -0.2100000    
   22.00000      0.0000000E+00 -0.2200000    
   22.00000       1.000000     -0.2200000    
   23.00000      0.0000000E+00 -0.2300000    
   23.00000       1.000000     -0.2300000    
   24.00000      0.0000000E+00 -0.2400000    
   24.00000       1.000000     -0.2400000    
   25.00000      0.0000000E+00 -0.2500000    
   25.00000       1.000000     -0.2500000    
   26.00000      0.0000000E+00 -0.2600000    
   26.00000       1.000000     -0.2600000    
   27.00000      0.0000000E+00 -0.2700000    
   27.00000       1.000000     -0.2700000    
   28.00000      0.0000000E+00 -0.2800000    
   28.00000       1.000000     -0.2800000    
   29.00000      0.0000000E+00 -0.2900000    
   29.00000       1.000000     -0.2900000    
   30.00000      0.0000000E+00 -0.3000000    
   30.00000       1.000000     -0.3000000    
   31.00000      0.0000000E+00 -0.3100000    
   31.00000       1.000000     -0.3100000    
   32.00000      0.0000000E+00 -0.3200000    
   32.00000       1.000000     -0.3200000    
   33.00000      0.0000000E+00 -0.3300000    
   33.00000       1.000000     -0.3300000    
   34.00000      0.0000000E+00 -0.3400000    
   34.00000       1.000000     -0.3400000    
   35.00000      0.0000000E+00 -0.3500000    
   35.00000       1.000000     -0.3500000    
   36.00000      0.0000000E+00 -0.3600000    
   36.00000       1.000000     -0.3600000    
   37.00000      0.0000000E+00 -0.3700000    
   37.00000       1.000000     -0.3700000    
   38.00000      0.0000000E+00 -0.3800000    
   38.00000       1.000000     -0.3800000    
   39.00000      0.0000000E+00 -0.3900000    
   39.00000       1.000000     -0.3900000    
   40.00000      0.0000000E+00 -0.4000000    
   40.00000       1.000000     -0.4000000    
   41.00000      0.0000000E+00 -0.4100000    
   41.00000       1.000000     -0.4100000    
   42.00000      0.0000000E+00 -0.4200000    
   42.00000       1.000000     -0.4200000    
   43.00000      0.0000000E+00 -0.4300000    
   43.00000       1.000000     -0.4300000    
   44.00000      0.0000000E+00 -0.4400000    
   44.00000       1.000000     -0.4400000    
   45.00000      0.0000000E+00 -0.4500000    
   45.00000       1.000000     -0.4500000    
   46.00000      0.0000000E+00 -0.4600000    
   46.00000       1.000000     -0.4600000    
   47.00000      0.0000000E+00 -0.4700000    
   47.00000       1.000000     -0.4700000    
   48.00000      0.0000000E+00 -0.4800000    
   48.00000       1.000000     -0.4800000    
   49.00000      0.0000000E+00 -0.4900000    
   49.00000       1.000000     -0.4900000    
   50.00000      0.0000000E+00 -0.5000000    
   50.00000       1.000000     -0.5000000    
   51.00000      0.0000000E+00 -0.5100000    
   51.00000       1.000000     -0.5100000    
   52.00000      0.0000000E+00 -0.5200000    
   52.00000       1.000000     -0.5200000    
   53.00000      0.0000000E+00 -0.5300000    
   53.00000       1.000000     -0.5300000    
   54.00000      0.0000000E+00 -0.5400000    
   54.00000       1.000000     -0.5400000    
   55.00000      0.0000000E+00 -0.5500000    
   55.00000       1.000000     -0.5500000    
   56.00000      0.0000000E+00 -0.5600000    
   56.00000       1.000000     -0.5600000    
   57.00000      0.0000000E+00 -0.5700000    
   57.00000       1.000000     -0.5700000    
   58.00000      0.0000000E+00 -0.5800000    
   58.00000       1.000000     -0.5800000    
   59.00000      0.0000000E+00 -0.5900000    
   59.00000       1.000000     -0.5900000    
   60.00000      0.0000000E+00 -0.6000000    
   60.00000       1.000000     -0.6000000    
   61.00000      0.0000000E+00 -0.6100000    
   61.00000       1.000000     -0.6100000    
   62.00000      0.0000000E+00 -0.6200000    
   62.00000       1.000000     -0.6200000    
   63.00000      0.0000000E+00 -0.6300000    
   63.00000       1.000000     -0.6300000    
   64.00000      0.0000000E+00 -0.6400000    
   64.00000       1.000000     -0.6400000    
   65.00000      0.0000000E+00 -0.6500000    
   65.00000       1.000000     -0.6500000    
   66.00000      0.0000000E+00 -0.6600000    
   66.00000       1.000000     -0.6600000    
   67.00000      0.0000000E+00 -0.6700000    
   67.00000       1.000000     -0.6700000    
   68.00000      0.0000000E+00 -0.6800000    
   68.00000       1.000000     -0.6800000    
   69.00000      0.0000000E+00 -0.6900000    
   69.00000       1.000000     -0.6900000    
   70.00000      0.0000000E+00 -0.7000000    
   70.00000       1.000000     -0.7000000    
   71.00000      0.0000000E+00 -0.7100000    
   71.00000       1.000000     -0.7100000    
   72.00000      0.0000000E+00 -0.7200000    
   72.00000       1.000000     -0.7200000    
   73.00000      0.0000000E+00 -0.7300000    
   73.00000       1.000000     -0.7300000    
   74.00000      0.0000000E+00 -0.7400000    
   74.00000       1.000000     -0.7400000    
   75.00000      0.0000000E+00 -0.7500000    
   75.00000       1.000000     -0.7500000    
   76.00000      0.0000000E+00 -0.7600000    
   76.00000       1.000000     -0.7600000    
   77.00000      0.0000000E+00 -0.7700000    
   77.00000       1.000000     -0.7700000    
   78.00000      0.0000000E+00 -0.7800000    
   78.00000       1.000000     -0.7800000    
   79.00000      0.0000000E+00 -0.7900000    
   79.00000       1.000000     -0.7900000    
   80.00000      0.0000000E+00 -0.8000000    
   80.00000       1.000000     -0.8000000    
   81.00000      0.0000000E+00 -0.8100000    
   81.00000       1.000000     -0.8100000    
   82.00000      0.0000000E+00 -0.8200000    
   82.00000       1.000000     -0.8200000    
   83.00000      0.0000000E+00 -0.8300000    
   83.00000       1.000000     -0.8300000    
   84.00000      0.0000000E+00 -0.8400000    
   84.00000       1.000000     -0.8400000    
   85.00000      0.0000000E+00 -0.8500000    
   85.00000       1.000000     -0.8500000    
   86.00000      0.0000000E+00 -0.8600000    
   86.00000       1.000000     -0.8600000    
   87.00000      0.0000000E+00 -0.8700000    
   87.00000       1.000000     -0.8700000    
   88.00000      0.0000000E+00 -0.8800000    
   88.00000       1.000000     -0.8800000    
   89.00000      0.0000000E+00 -0.8900000    
   89.00000       1.000000     -0.8900000    
   90.00000      0.0000000E+00 -0.9000000    
   90.00000       1.000000     -0.9000000    
   91.00000      0.0000000E+00 -0.9100000    
   91.00000       1.000000     -0.9100000    
   92.00000      0.0000000E+00 -0.9200000    
   92.00000       1.000000     -0.9200000    
   93.00000      0.0000000E+00 -0.9300000    
   93.00000       1.000000     -0.9300000    
   94.00000      0.0000000E+00 -0.9400000    
   94.00000       1.000000     -0.9400000    
   95.00000      0.0000000E+00 -0.9500000    
   95.00000       1.000000     -0.9500000    
   96.00000      0.0000000E+00 -0.9600000    
   96.00000       1.000000     -0.9600000    
   97.00000      0.0000000E+00 -0.9700000    
   97.00000       1.000000     -0.9700000    
   98.00000      0.0000000E+00 -0.9800000    
   98.00000       1.000000     -0.9800000    
   99.00000      0.0000000E+00 -0.9899999    
   99.00000       1.000000     -0.9899999    
   100.0000      0.0000000E+00  -1.000000    
   100.0000       1.000000      -1.000000    
   101.0000      0.0000000E+00  -1.010000    
   101.0000       1.000000      -1.010000    
   102.0000      0.0000000E+00  -1.020000    
   102.0000       1.000000      -1.020000    
   103.0000      0.0000000E+00  -1.030000    
   103.0000       1.000000      -1.030000    
   104.0000      0.0000000E+00  -1.040000    
   104.0000       1.000000      -1.040000    
   105.0000      0.0000000E+00  -1.050000    
   105.0000       1.000000      -1.050000    
   106.0000      0.0000000E+00  -1.060000    
   106.0000       1.000000      -1.060000    
   107.0000      0.0000000E+00  -1.070000    
   107.0000       1.000000      -1.070000    
   108.0000      0.0000000E+00  -1.080000    
   108.0000       1.000000      -1.080000    
   109.0000      0.0000000E+00  -1.090000    
   109.0000       1.000000      -1.090000    
   110.0000      0.0000000E+00  -1.100000    
   110.0000       1.000000      -1.100000    
   111.0000      0.0000000E+00  -1.110000    
   111.0000       1.000000      -1.110000    
   112.0000      0.0000000E+00  -1.120000    
   112.0000       1.000000      -1.120000    
   113.0000      0.0000000E+00  -1.130000    
   113.0000       1.000000      -1.130000    
   114.0000      0.0000000E+00  -1.140000    
   114.0000       1.000000      -1.140000    
   115.0000      0.0000000E+00  -1.150000    
   115.0000       1.000000      -1.150000    
   116.0000      0.0000000E+00  -1.160000    
   116.0000       1.000000      -1.160000    
   117.0000      0.0000000E+00  -1.170000    
   117.0000       1.000000      -1.170000    
   118.0000      0.0000000E+00  -1.180000    
   118.0000       1.000000      -1.180000    
   119.0000      0.0000000E+00  -1.190000    
   119.0000       1.000000      -1.190000    
   120.0000      0.0000000E+00  -1.200000    
   120.0000       1.000000      -1.200000    
   121.0000      0.0000000E+00  -1.210000    
   121.0000       1.000000      -1.210000    
   122.0000      0.0000000E+00  -1.220000    
   122.0000       1.000000      -1.220000    
   123.0000      0.0000000E+00  -1.230000    
   123.0000       1.000000      -1.230000    
   124.0000      0.0000000E+00  -1.240000    
   124.0000       1.000000      -1.240000    
   125.0000      0.0000000E+00  -1.250000    
   125.0000       1.000000      -1.250000    
   126.0000      0.0000000E+00  -1.260000    
   126.0000       1.000000      -1.260000    
   127.0000      0.0000000E+00  -1.270000    
   127.0000       1.000000      -1.270000    
   128.0000      0.0000000E+00  -1.280000    
   128.0000       1.000000      -1.280000    
   129.0000      0.0000000E+00  -1.290000    
   129.0000       1.000000      -1.290000    
   130.0000      0.0000000E+00  -1.300000    
   130.0000       1.000000      -1.300000    
   131.0000      0.0000000E+00  -1.310000    
   131.0000       1.000000      -1.310000    
   132.0000      0.0000000E+00  -1.320000    
   132.0000       1.000000      -1.320000    
   133.0000      0.0000000E+00  -1.330000    
   133.0000       1.000000      -1.330000    
   134.0000      0.0000000E+00  -1.340000    
   134.0000       1.000000      -1.340000    
   135.0000      0.0000000E+00  -1.350000    
   135.0000       1.000000      -1.350000    
   136.0000      0.0000000E+00  -1.360000    
   136.0000       1.000000      -1.360000    
   137.0000      0.0000000E+00  -1.370000    
   137.0000       1.000000      -1.370000    
   138.0000      0.0000000E+00  -1.380000    
   138.0000       1.000000      -1.380000    
   139.0000      0.0000000E+00  -1.390000    
   139.0000       1.000000      -1.390000    
   140.0000      0.0000000E+00  -1.400000    
   140.0000       1.000000      -1.400000    
   141.0000      0.0000000E+00  -1.410000    
   141.0000       1.000000      -1.410000    
   142.0000      0.0000000E+00  -1.420000    
   142.0000       1.000000      -1.420000    
   143.0000      0.0000000E+00  -1.430000    
   143.0000       1.000000      -1.430000    
   144.0000      0.0000000E+00  -1.440000    
   144.0000       1.000000      -1.440000    
   145.0000      0.0000000E+00  -1.450000    
   145.0000       1.000000      -1.450000    
   146.0000      0.0000000E+00  -1.460000    
   146.0000       1.000000      -1.460000    
   147.0000      0.0000000E+00  -1.470000    
   147.0000       1.000000      -1.470000    
   148.0000      0.0000000E+00  -1.480000    
   148.0000       1.000000      -1.480000    
   149.0000      0.0000000E+00  -1.490000    
   149.0000       1.000000      -1.490000    
   150.0000      0.0000000E+00  -1.500000    
   150.0000       1.000000      -1.500000    
   151.0000      0.0000000E+00  -1.510000    
   151.0000       1.000000      -1.510000    
   152.0000      0.0000000E+00  -1.520000    
   152.0000       1.000000      -1.520000    
   153.0000      0.0000000E+00  -1.530000    
   153.0000       1.000000      -1.530000    
   154.0000      0.0000000E+00  -1.540000    
   154.0000       1.000000      -1.540000    
   155.0000      0.0000000E+00  -1.550000    
   155.0000       1.000000      -1.550000    
   156.0000      0.0000000E+00  -1.560000    
   156.0000       1.000000      -1.560000    
   157.0000      0.0000000E+00  -1.570000    
   157.0000       1.000000      -1.570000    
   158.0000      0.0000000E+00  -1.580000    
   158.0000       1.000000      -1.580000    
   159.0000      0.0000000E+00  -1.590000    
   159.0000       1.000000      -1.590000    
   160.0000      0.0000000E+00  -1.600000    
   160.0000       1.000000      -1.600000    
   161.0000      0.0000000E+00  -1.610000    
   161.0000       1.000000      -1.610000    
   162.0000      0.0000000E+00  -1.620000    
   162.0000       1.000000      -1.620000    
   163.0000      0.0000000E+00  -1.630000    
   163.0000       1.000000      -1.630000    
   164.0000      0.0000000E+00  -1.640000    
   164.0000       1.000000      -1.640000    
   165.0000      0.0000000E+00  -1.650000    
   165.0000       1.000000      -1.650000    
   166.0000      0.0000000E+00  -1.660000    
   166.0000       1.000000      -1.660000    
   167.0000      0.0000000E+00  -1.670000    
   167.0000       1.000000      -1.670000    
   168.0000      0.0000000E+00  -1.680000    
   168.0000       1.000000      -1.680000    
   169.0000      0.0000000E+00  -1.690000    
   169.0000       1.000000      -1.690000    
   170.0000      0.0000000E+00  -1.700000    
   170.0000       1.000000      -1.700000    
   171.0000      0.0000000E+00  -1.710000    
   171.0000       1.000000      -1.710000    
   172.0000      0.0000000E+00  -1.720000    
   172.0000       1.000000      -1.720000    
   173.0000      0.0000000E+00  -1.730000    
   173.0000       1.000000      -1.730000    
   174.0000      0.0000000E+00  -1.740000    
   174.0000       1.000000      -1.740000    
   175.0000      0.0000000E+00  -1.750000    
   175.0000       1.000000      -1.750000    
   176.0000      0.0000000E+00  -1.760000    
   176.0000       1.000000      -1.760000    
   177.0000      0.0000000E+00  -1.770000    
   177.0000       1.000000      -1.770000    
   178.0000      0.0000000E+00  -1.780000    
   178.0000       1.000000      -1.780000    
   179.0000      0.0000000E+00  -1.790000    
   179.0000       1.000000      -1.790000    
   180.0000      0.0000000E+00  -1.800000    
   180.0000       1.000000      -1.800000    
   181.0000      0.0000000E+00  -1.810000    
   181.0000       1.000000      -1.810000    
   182.0000      0.0000000E+00  -1.820000    
   182.0000       1.000000      -1.820000    
   183.0000      0.0000000E+00  -1.830000    
   183.0000       1.000000      -1.830000    
   184.0000      0.0000000E+00  -1.840000    
   184.0000       1.000000      -1.840000    
   185.0000      0.0000000E+00  -1.850000    
   185.0000       1.000000      -1.850000    
   186.0000      0.0000000E+00  -1.860000    
   186.0000       1.000000      -1.860000    
   187.0000      0.0000000E+00  -1.870000    
   187.0000       1.000000      -1.870000    
   188.0000      0.0000000E+00  -1.880000    
   188.0000       1.000000      -1.880000    
   189.0000      0.0000000E+00  -1.890000    
   189.0000       1.000000      -1.890000    
   190.0000      0.0000000E+00  -1.900000    
   190.0000       1.000000      -1.900000    
   191.0000      0.0000000E+00  -1.910000    
   191.0000       1.000000      -1.910000    
   192.0000      0.0000000E+00  -1.920000    
   192.0000       1.000000      -1.920000    
   193.0000      0.0000000E+00  -1.930000    
   193.0000       1.000000      -1.930000    
   194.0000      0.0000000E+00  -1.940000    
   194.0000       1.000000      -1.940000    
   195.0000      0.0000000E+00  -1.950000    
   195.0000       1.000000      -1.950000    
   196.0000      0.0000000E+00  -1.960000    
   196.0000       1.000000      -1.960000    
   197.0000      0.0000000E+00  -1.970000    
   197.0000       1.000000      -1.970000    
   198.0000      0.0000000E+00  -1.980000    
   198.0000       1.000000      -1.980000    
   199.0000      0.0000000E+00  -1.990000    
   199.0000       1.000000      -1.990000    
   200.0000      0.0000000E+00  -2.000000    
   200.0000       1.000000      -2.000000    
   201.0000      0.0000000E+00  -2.010000    
   201.0000       1.000000      -2.010000    
   202.0000      0.0000000E+00  -2.020000    
   202.0000       1.000000      -2.020000    
   203.0000      0.0000000E+00  -2.030000    
   203.0000       1.000000      -2.030000    
   204.0000      0.0000000E+00  -2.040000    
   204.0000       1.000000      -2.040000    
   205.0000      0.0000000E+00  -2.050000    
   205.0000       1.000000      -2.050000    
   206.0000      0.0000000E+00  -2.060000    
   206.0000       1.000000      -2.060000    
   207.0000      0.0000000E+00  -2.070000    
   207.0000       1.000000      -2.070000    
   208.0000      0.0000000E+00  -2.080000    
   208.0000       1.000000      -2.080000    
   209.0000      0.0000000E+00  -2.090000    
   209.0000       1.000000      -2.090000    
   210.0000      0.0000000E+00  -2.100000    
   210.0000       1.000000      -2.100000    
   211.0000      0.0000000E+00  -2.110000    
   211.0000       1.000000      -2.110000    
   212.0000      0.0000000E+00  -2.120000    
   212.0000       1.000000      -2.120000    
   213.0000      0.0000000E+00  -2.130000    
   213.0000       1.000000      -2.130000    
   214.0000      0.0000000E+00  -2.140000    
   214.0000       1.000000      -2.140000    
   215.0000      0.0000000E+00  -2.150000    
   215.0000       1.000000      -2.150000    
   216.0000      0.0000000E+00  -2.160000    
   216.0000       1.000000      -2.160000    
   217.0000      0.0000000E+00  -2.170000    
   217.0000       1.000000      -2.170000    
   218.0000      0.0000000E+00  -2.180000    
   218.0000       1.000000      -2.180000    
   219.0000      0.0000000E+00  -2.190000    
   219.0000       1.000000      -2.190000    
   220.0000      0.0000000E+00  -2.200000    
   220.0000       1.000000      -2.200000    
   221.0000      0.0000000E+00  -2.210000    
   221.0000       1.000000      -2.210000    
   222.0000      0.0000000E+00  -2.220000    
   222.0000       1.000000      -2.220000    
   223.0000      0.0000000E+00  -2.230000    
   223.0000       1.000000      -2.230000    
   224.0000      0.0000000E+00  -2.240000    
   224.0000       1.000000      -2.240000    
   225.0000      0.0000000E+00  -2.250000    
   225.0000       1.000000      -2.250000    
   226.0000      0.0000000E+00  -2.260000    
   226.0000       1.000000      -2.260000    
   227.0000      0.0000000E+00  -2.270000    
   227.0000       1.000000      -2.270000    
   228.0000      0.0000000E+00  -2.280000    
   228.0000       1.000000      -2.280000    
   229.0000      0.0000000E+00  -2.290000    
   229.0000       1.000000      -2.290000    
   230.0000      0.0000000E+00  -2.300000    
   230.0000       1.000000      -2.300000    
   231.0000      0.0000000E+00  -2.310000    
   231.0000       1.000000      -2.310000    
   232.0000      0.0000000E+00  -2.320000    
   232.0000       1.000000      -2.320000    
   233.0000      0.0000000E+00  -2.330000    
   233.0000       1.000000      -2.330000    
   234.0000      0.0000000E+00  -2.340000    
   234.0000       1.000000      -2.340000    
   235.0000      0.0000000E+00  -2.350000    
   235.0000       1.000000      -2.350000    
   236.0000      0.0000000E+00  -2.360000    
   236.0000       1.000000      -2.360000    
   237.0000      0.0000000E+00  -2.370000    
   237.0000       1.000000      -2.370000    
   238.0000      0.0000000E+00  -2.380000    
   238.0000       1.000000      -2.380000    
   239.0000      0.0000000E+00  -2.390000    
   239.0000       1.000000      -2.390000    
   240.0000      0.0000000E+00  -2.400000    
   240.0000       1.000000      -2.400000    
   241.0000      0.0000000E+00  -2.410000    
   241.0000       1.000000      -2.410000    
   242.0000      0.0000000E+00  -2.420000    
   242.0000       1.000000      -2.420000    
   243.0000      0.0000000E+00  -2.430000    
   243.0000       1.000000      -2.430000    
   244.0000      0.0000000E+00  -2.440000    
   244.0000       1.000000      -2.440000    
   245.0000      0.0000000E+00  -2.450000    
   245.0000       1.000000      -2.450000    
   246.0000      0.0000000E+00  -2.460000    
   246.0000       1.000000      -2.460000    
   247.0000      0.0000000E+00  -2.470000    
   247.0000       1.000000      -2.470000    
   248.0000      0.0000000E+00  -2.480000    
   248.0000       1.000000      -2.480000    
   249.0000      0.0000000E+00  -2.490000    
   249.0000       1.000000      -2.490000    
   250.0000      0.0000000E+00  -2.500000    
   250.0000       1.000000      -2.500000    
   251.0000      0.0000000E+00  -2.510000    
   251.0000       1.000000      -2.510000    
   252.0000      0.0000000E+00  -2.520000    
   252.0000       1.000000      -2.520000    
   253.0000      0.0000000E+00  -2.530000    
   253.0000       1.000000      -2.530000    
   254.0000      0.0000000E+00  -2.540000    
   254.0000       1.000000      -2.540000    
   255.0000      0.0000000E+00  -2.550000    
   255.0000       1.000000      -2.550000    
   256.0000      0.0000000E+00  -2.560000    
   256.0000       1.000000      -2.560000    
   257.0000      0.0000000E+00  -2.570000    
   257.0000       1.000000      -2.570000    
   258.0000      0.0000000E+00  -2.580000    
   258.0000       1.000000      -2.580000    
   259.0000      0.0000000E+00  -2.590000    
   259.0000       1.000000      -2.590000    
   260.0000      0.0000000E+00  -2.600000    
   260.0000       1.000000      -2.600000    
   261.0000      0.0000000E+00  -2.610000    
   261.0000       1.000000      -2.610000    
   262.0000      0.0000000E+00  -2.620000    
   262.0000       1.000000      -2.620000    
   263.0000      0.0000000E+00  -2.630000    
   263.0000       1.000000      -2.630000    
   264.0000      0.0000000E+00  -2.640000    
   264.0000       1.000000      -2.640000    
   265.0000      0.0000000E+00  -2.650000    
   265.0000       1.000000      -2.650000    
   266.0000      0.0000000E+00  -2.660000    
   266.0000       1.000000      -2.660000    
   267.0000      0.0000000E+00  -2.670000    
   267.0000       1.000000      -2.670000    
   268.0000      0.0000000E+00  -2.680000    
   268.0000       1.000000      -2.680000    
   269.0000      0.0000000E+00  -2.690000    
   269.0000       1.000000      -2.690000    
   270.0000      0.0000000E+00  -2.700000    
   270.0000       1.000000      -2.700000    
   271.0000      0.0000000E+00  -2.710000    
   271.0000       1.000000      -2.710000    
   272.0000      0.0000000E+00  -2.720000    
   272.0000       1.000000      -2.720000    
   273.0000      0.0000000E+00  -2.730000    
   273.0000       1.000000      -2.730000    
   274.0000      0.0000000E+00  -2.740000    
   274.0000       1.000000      -2.740000    
   275.0000      0.0000000E+00  -2.750000    
   275.0000       1.000000      -2.750000    
   276.0000      0.0000000E+00  -2.760000    
   276.0000       1.000000      -2.760000    
   277.0000      0.0000000E+00  -2.770000    
   277.0000       1.000000      -2.770000    
   278.0000      0.0000000E+00  -2.780000    
   278.0000       1.000000      -2.780000    
   279.0000      0.0000000E+00  -2.790000    
   279.0000       1.000000      -2.790000    
   280.0000      0.0000000E+00  -2.800000    
   280.0000       1.000000      -2.800000    
   281.0000      0.0000000E+00  -2.810000    
   281.0000       1.000000      -2.810000    
   282.0000      0.0000000E+00  -2.820000    
   282.0000       1.000000      -2.820000    
   283.0000      0.0000000E+00  -2.830000    
   283.0000       1.000000      -2.830000    
   284.0000      0.0000000E+00  -2.840000    
   284.0000       1.000000      -2.840000    
   285.0000      0.0000000E+00  -2.850000    
   285.0000       1.000000      -2.850000    
   286.0000      0.0000000E+00  -2.860000    
   286.0000       1.000000      -2.860000    
   287.0000      0.0000000E+00  -2.870000    
   287.0000       1.000000      -2.870000    
   288.0000      0.0000000E+00  -2.880000    
   288.0000       1.000000      -2.880000    
   289.0000      0.0000000E+00  -2.890000    
   289.0000       1.000000      -2.890000    
   290.0000      0.0000000E+00  -2.900000    
   290.0000       1.000000      -2.900000    
   291.0000      0.0000000E+00  -2.910000    
   291.0000       1.000000      -2.910000    
   292.0000      0.0000000E+00  -2.920000    
   292.0000       1.000000      -2.920000    
   293.0000      0.0000000E+00  -2.930000    
   293.0000       1.000000      -2.930000    
   294.0000      0.0000000E+00  -2.940000    
   294.0000       1.000000      -2.940000    
   295.0000      0.0000000E+00  -2.950000    
   295.0000       1.000000      -2.950000    
   296.0000      0.0000000E+00  -2.960000    
   296.0000       1.000000      -2.960000    
   297.0000      0.0000000E+00  -2.970000    
   297.0000       1.000000      -2.970000    
   298.0000      0.0000000E+00  -2.980000    
   298.0000       1.000000      -2.980000    
   299.0000      0.0000000E+00  -2.990000    
   299.0000       1.000000      -2.990000    
   300.0000      0.0000000E+00  -3.000000    
   300.0000       1.000000      -3.000000    
   301.0000      0.0000000E+00  -3.010000    
   301.0000       1.000000      -3.010000    
   302.0000      0.0000000E+00  -3.020000    
   302.0000       1.000000      -3.020000    
   303.0000      0.0000000E+00  -3.030000    
   303.0000       1.000000      -3.030000    
   304.0000      0.0000000E+00  -3.040000    
   304.0000       1.000000      -3.040000    
   305.0000      0.0000000E+00  -3.050000    
   305.0000       1.000000      -3.050000    
   306.0000      0.0000000E+00  -3.060000    
   306.0000       1.000000      -3.060000    
   307.0000      0.0000000E+00  -3.070000    
   307.0000       1.000000      -3.070000    
   308.0000      0.0000000E+00  -3.080000    
   308.0000       1.000000      -3.080000    
   309.0000      0.0000000E+00  -3.090000    
   309.0000       1.000000      -3.090000    
   310.0000      0.0000000E+00  -3.100000    
   310.0000       1.000000      -3.100000    
   311.0000      0.0000000E+00  -3.110000    
   311.0000       1.000000      -3.110000    
   312.0000      0.0000000E+00  -3.120000    
   312.0000       1.000000      -3.120000    
   313.0000      0.0000000E+00  -3.130000    
   313.0000       1.000000      -3.130000    
   314.0000      0.0000000E+00  -3.140000    
   314.0000       1.000000      -3.140000    
   315.0000      0.0000000E+00  -3.150000    
   315.0000       1.000000      -3.150000    
   316.0000      0.0000000E+00  -3.160000    
   316.0000       1.000000      -3.160000    
   317.0000      0.0000000E+00  -3.170000    
   317.0000       1.000000      -3.170000    
   318.0000      0.0000000E+00  -3.180000    
   318.0000       1.000000      -3.180000    
   319.0000      0.0000000E+00  -3.190000    
   319.0000       1.000000      -3.190000    
   320.0000      0.0000000E+00  -3.200000    
   320.0000       1.000000      -3.200000    
   321.0000      0.0000000E+00  -3.210000    
   321.0000       1.000000      -3.210000    
   322.0000      0.0000000E+00  -3.220000    
   322.0000       1.000000      -3.220000    
   323.0000      0.0000000E+00  -3.230000    
   323.0000       1.000000      -3.230000    
   324.0000      0.0000000E+00  -3.240000    
   324.0000       1.000000      -3.240000    
   325.0000      0.0000000E+00  -3.250000    
   325.0000       1.000000      -3.250000    
   326.0000      0.0000000E+00  -3.260000    
   326.0000       1.000000      -3.260000    
   327.0000      0.0000000E+00  -3.270000    
   327.0000       1.000000      -3.270000    
   328.0000      0.0000000E+00  -3.280000    
   328.0000       1.000000      -3.280000    
   329.0000      0.0000000E+00  -3.290000    
   329.0000       1.000000      -3.290000    
   330.0000      0.0000000E+00  -3.300000    
   330.0000       1.000000      -3.300000    
   331.0000      0.0000000E+00  -3.310000    
   331.0000       1.000000      -3.310000    
   332.0000      0.0000000E+00  -3.320000    
   332.0000       1.000000      -3.320000    
   333.0000      0.0000000E+00  -3.330000    
   333.0000       1.000000      -3.330000    
   334.0000      0.0000000E+00  -3.340000    
   334.0000       1.000000      -3.340000    
   335.0000      0.0000000E+00  -3.350000    
   335.0000       1.000000      -3.350000    
   336.0000      0.0000000E+00  -3.360000    
   336.0000       1.000000      -3.360000    
   337.0000      0.0000000E+00  -3.370000    
   337.0000       1.000000      -3.370000    
   338.0000      0.0000000E+00  -3.380000    
   338.0000       1.000000      -3.380000    
   339.0000      0.0000000E+00  -3.390000    
   339.0000       1.000000      -3.390000    
   340.0000      0.0000000E+00  -3.400000    
   340.0000       1.000000      -3.400000    
   341.0000      0.0000000E+00  -3.410000    
   341.0000       1.000000      -3.410000    
   342.0000      0.0000000E+00  -3.420000    
   342.0000       1.000000      -3.420000    
   343.0000      0.0000000E+00  -3.430000    
   343.0000       1.000000      -3.430000    
   344.0000      0.0000000E+00  -3.440000    
   344.0000       1.000000      -3.440000    
   345.0000      0.0000000E+00  -3.450000    
   345.0000       1.000000      -3.450000    
   346.0000      0.0000000E+00  -3.460000    
   346.0000       1.000000      -3.460000    
   347.0000      0.0000000E+00  -3.470000    
   347.0000       1.000000      -3.470000    
   348.0000      0.0000000E+00  -3.480000    
   348.0000       1.000000      -3.480000    
   349.0000      0.0000000E+00  -3.490000    
   349.0000       1.000000      -3.490000    
   350.0000      0.0000000E+00  -3.500000    
   350.0000       1.000000      -3.500000    
   351.0000      0.0000000E+00  -3.510000    
   351.0000       1.000000      -3.510000    
   352.0000      0.0000000E+00  -3.520000    
   352.0000       1.000000      -3.520000    
   353.0000      0.0000000E+00  -3.530000    
   353.0000       1.000000      -3.530000    
   354.0000      0.0000000E+00  -3.540000    
   354.0000       1.000000      -3.540000    
   355.0000      0.0000000E+00  -3.550000    
   355.0000       1.000000      -3.550000    
   356.0000      0.0000000E+00  -3.560000    
   356.0000       1.000000      -3.560000    
   357.0000      0.0000000E+00  -3.570000    
   357.0000       1.000000      -3.570000    
   358.0000      0.0000000E+00  -3.580000    
   358.0000       1.000000      -3.580000    
   359.0000      0.0000000E+00  -3.590000    
   359.0000       1.000000      -3.590000    
   360.0000      0.0000000E+00  -3.600000    
   360.0000       1.000000      -3.600000    
   361.0000      0.0000000E+00  -3.610000    
   361.0000       1.000000      -3.610000    
   362.0000      0.0000000E+00  -3.620000    
   362.0000       1.000000      -3.620000    
   363.0000      0.0000000E+00  -3.630000    
   363.0000       1.000000      -3.630000    
   364.0000      0.0000000E+00  -3.640000    
   364.0000       1.000000      -3.640000    
   365.0000      0.0000000E+00  -3.650000    
   365.0000       1.000000      -3.650000    
   366.0000      0.0000000E+00  -3.660000    
   366.0000       1.000000      -3.660000    
   367.0000      0.0000000E+00  -3.670000    
   367.0000       1.000000      -3.670000    
   368.0000      0.0000000E+00  -3.680000    
   368.0000       1.000000      -3.680000    
   369.0000      0.0000000E+00  -3.690000    
   369.0000       1.000000      -3.690000    
   370.0000      0.0000000E+00  -3.700000    
   370.0000       1.000000      -3.700000    
   371.0000      0.0000000E+00  -3.710000    
   371.0000       1.000000      -3.710000    
   372.0000      0.0000000E+00  -3.720000    
   372.0000       1.000000      -3.720000    
   373.0000      0.0000000E+00  -3.730000    
   373.0000       1.000000      -3.730000    
   374.0000      0.0000000E+00  -3.740000    
   374.0000       1.000000      -3.740000    
   375.0000      0.0000000E+00  -3.750000    
   375.0000       1.000000      -3.750000    
   376.0000      0.0000000E+00  -3.760000    
   376.0000       1.000000      -3.760000    
   377.0000      0.0000000E+00  -3.770000    
   377.0000       1.000000      -3.770000    
   378.0000      0.0000000E+00  -3.780000    
   378.0000       1.000000      -3.780000    
   379.0000      0.0000000E+00  -3.790000    
   379.0000       1.000000      -3.790000    
   380.0000      0.0000000E+00  -3.800000    
   380.0000       1.000000      -3.800000    
   381.0000      0.0000000E+00  -3.810000    
   381.0000       1.000000      -3.810000    
   382.0000      0.0000000E+00  -3.820000    
   382.0000       1.000000      -3.820000    
   383.0000      0.0000000E+00  -3.830000    
   383.0000       1.000000      -3.830000    
   384.0000      0.0000000E+00  -3.840000    
   384.0000       1.000000      -3.840000    
   385.0000      0.0000000E+00  -3.850000    
   385.0000       1.000000      -3.850000    
   386.0000      0.0000000E+00  -3.860000    
   386.0000       1.000000      -3.860000    
   387.0000      0.0000000E+00  -3.870000    
   387.0000       1.000000      -3.870000    
   388.0000      0.0000000E+00  -3.880000    
   388.0000       1.000000      -3.880000    
   389.0000      0.0000000E+00  -3.890000    
   389.0000       1.000000      -3.890000    
   390.0000      0.0000000E+00  -3.900000    
   390.0000       1.000000      -3.900000    
   391.0000      0.0000000E+00  -3.910000    
   391.0000       1.000000      -3.910000    
   392.0000      0.0000000E+00  -3.920000    
   392.0000       1.000000      -3.920000    
   393.0000      0.0000000E+00  -3.930000    
   393.0000       1.000000      -3.930000    
   394.0000      0.0000000E+00  -3.940000    
   394.0000       1.000000      -3.940000    
   395.0000      0.0000000E+00  -3.950000    
   395.0000       1.000000      -3.950000    
   396.0000      0.0000000E+00  -3.960000    
   396.0000       1.000000      -3.960000    
   397.0000      0.0000000E+00  -3.970000    
   397.0000       1.000000      -3.970000    
   398.0000      0.0000000E+00  -3.980000    
   398.0000       1.000000      -3.980000    
   399.0000      0.0000000E+00  -3.990000    
   399.0000       1.000000      -3.990000    
   400.0000      0.0000000E+00  -4.000000    
   400.0000       1.000000      -4.000000    
   401.0000      0.0000000E+00  -4.010000    
   401.0000       1.000000      -4.010000    
   402.0000      0.0000000E+00  -4.020000    
   402.0000       1.000000      -4.020000    
   403.0000      0.0000000E+00  -4.030000    
   403.0000       1.000000      -4.030000    
   404.0000      0.0000000E+00  -4.040000    
   404.0000       1.000000      -4.040000    
   405.0000      0.0000000E+00  -4.050000    
   405.0000       1.000000      -4.050000    
   406.0000      0.0000000E+00  -4.060000    
   406.0000       1.000000      -4.060000    
   407.0000      0.0000000E+00  -4.070000    
   407.0000       1.000000      -4.070000    
   408.0000      0.0000000E+00  -4.080000    
   408.0000       1.000000      -4.080000    
   409.0000      0.0000000E+00  -4.090000    
   409.0000       1.000000      -4.090000    
   410.0000      0.0000000E+00  -4.100000    
   410.0000       1.000000      -4.100000    
   411.0000      0.0000000E+00  -4.110000    
   411.0000       1.000000      -4.110000    
   412.0000      0.0000000E+00  -4.120000    
   412.0000       1.000000      -4.120000    
   413.0000      0.0000000E+00  -4.130000    
   413.0000       1.000000      -4.130000    
   414.0000      0.0000000E+00  -4.140000    
   414.0000       1.000000      -4.140000    
   415.0000      0.0000000E+00  -4.150000    
   415.0000       1.000000      -4.150000    
   416.0000      0.0000000E+00  -4.160000    
   416.0000       1.000000      -4.160000    
   417.0000      0.0000000E+00  -4.170000    
   417.0000       1.000000      -4.170000    
   418.0000      0.0000000E+00  -4.180000    
   418.0000       1.000000      -4.180000    
   419.0000      0.0000000E+00  -4.190000    
   419.0000       1.000000      -4.190000    
   420.0000      0.0000000E+00  -4.200000    
   420.0000       1.000000      -4.200000    
   421.0000      0.0000000E+00  -4.210000    
   421.0000       1.000000      -4.210000    
   422.0000      0.0000000E+00  -4.220000    
   422.0000       1.000000      -4.220000    
   423.0000      0.0000000E+00  -4.230000    
   423.0000       1.000000      -4.230000    
   424.0000      0.0000000E+00  -4.240000    
   424.0000       1.000000      -4.240000    
   425.0000      0.0000000E+00  -4.250000    
   425.0000       1.000000      -4.250000    
   426.0000      0.0000000E+00  -4.260000    
   426.0000       1.000000      -4.260000    
   427.0000      0.0000000E+00  -4.270000    
   427.0000       1.000000      -4.270000    
   428.0000      0.0000000E+00  -4.280000    
   428.0000       1.000000      -4.280000    
   429.0000      0.0000000E+00  -4.290000    
   429.0000       1.000000      -4.290000    
   430.0000      0.0000000E+00  -4.300000    
   430.0000       1.000000      -4.300000    
   431.0000      0.0000000E+00  -4.310000    
   431.0000       1.000000      -4.310000    
   432.0000      0.0000000E+00  -4.320000    
   432.0000       1.000000      -4.320000    
   433.0000      0.0000000E+00  -4.330000    
   433.0000       1.000000      -4.330000    
   434.0000      0.0000000E+00  -4.340000    
   434.0000       1.000000      -4.340000    
   435.0000      0.0000000E+00  -4.350000    
   435.0000       1.000000      -4.350000    
   436.0000      0.0000000E+00  -4.360000    
   436.0000       1.000000      -4.360000    
   437.0000      0.0000000E+00  -4.370000    
   437.0000       1.000000      -4.370000    
   438.0000      0.0000000E+00  -4.380000    
   438.0000       1.000000      -4.380000    
   439.0000      0.0000000E+00  -4.390000    
   439.0000       1.000000      -4.390000    
   440.0000      0.0000000E+00  -4.400000    
   440.0000       1.000000      -4.400000    
   441.0000      0.0000000E+00  -4.410000    
   441.0000       1.000000      -4.410000    
   442.0000      0.0000000E+00  -4.420000    
   442.0000       1.000000      -4.420000    
   443.0000      0.0000000E+00  -4.430000    
   443.0000       1.000000      -4.430000    
   444.0000      0.0000000E+00  -4.440000    
   444.0000       1.000000      -4.440000    
   445.0000      0.0000000E+00  -4.450000    
   445.0000       1.000000      -4.450000    
   446.0000      0.0000000E+00  -4.460000    
   446.0000       1.000000      -4.460000    
   447.0000      0.0000000E+00  -4.470000    
   447.0000       1.000000      -4.470000    
   448.0000      0.0000000E+00  -4.480000    
   448.0000       1.000000      -4.480000    
   449.0000      0.0000000E+00  -4.490000    
   449.0000       1.000000      -4.490000    
   450.0000      0.0000000E+00  -4.500000    
   450.0000       1.000000      -4.500000    
   451.0000      0.0000000E+00  -4.510000    
   451.0000       1.000000      -4.510000    
   452.0000      0.0000000E+00  -4.520000    
   452.0000       1.000000      -4.520000    
   453.0000      0.0000000E+00  -4.530000    
   453.0000       1.000000      -4.530000    
   454.0000      0.0000000E+00  -4.540000    
   454.0000       1.000000      -4.540000    
   455.0000      0.0000000E+00  -4.550000    
   455.0000       1.000000      -4.550000    
   456.0000      0.0000000E+00  -4.560000    
   456.0000       1.000000      -4.560000    
   457.0000      0.0000000E+00  -4.570000    
   457.0000       1.000000      -4.570000    
   458.0000      0.0000000E+00  -4.580000    
   458.0000       1.000000      -4.580000    
   459.0000      0.0000000E+00  -4.590000    
   459.0000       1.000000      -4.590000    
   460.0000      0.0000000E+00  -4.600000    
   460.0000       1.000000      -4.600000    
   461.0000      0.0000000E+00  -4.610000    
   461.0000       1.000000      -4.610000    
   462.0000      0.0000000E+00  -4.620000    
   462.0000       1.000000      -4.620000    
   463.0000      0.0000000E+00  -4.630000    
   463.0000       1.000000      -4.630000    
   464.0000      0.0000000E+00  -4.640000    
   464.0000       1.000000      -4.640000    
   465.0000      0.0000000E+00  -4.650000    
   465.0000       1.000000      -4.650000    
   466.0000      0.0000000E+00  -4.660000    
   466.0000       1.000000      -4.660000    
   467.0000      0.0000000E+00  -4.670000    
   467.0000       1.000000      -4.670000    
   468.0000      0.0000000E+00  -4.680000    
   468.0000       1.000000      -4.680000    
   469.0000      0.0000000E+00  -4.690000    
   469.0000       1.000000      -4.690000    
   470.0000      0.0000000E+00  -4.700000    
   470.0000       1.000000      -4.700000    
   471.0000      0.0000000E+00  -4.710000    
   471.0000       1.000000      -4.710000    
   472.0000      0.0000000E+00  -4.720000    
   472.0000       1.000000      -4.720000    
   473.0000      0.0000000E+00  -4.730000    
   473.0000       1.000000      -4.730000    
   474.0000      0.0000000E+00  -4.740000    
   474.0000       1.000000      -4.740000    
   475.0000      0.0000000E+00  -4.750000    
   475.0000       1.000000      -4.750000    
   476.0000      0.0000000E+00  -4.760000    
   476.0000       1.000000      -4.760000    
   477.0000      0.0000000E+00  -4.770000    
   477.0000       1.000000      -4.770000    
   478.0000      0.0000000E+00  -4.780000    
   478.0000       1.000000      -4.780000    
   479.0000      0.0000000E+00  -4.790000    
   479.0000       1.000000      -4.790000    
   480.0000      0.0000000E+00  -4.800000    
   480.0000       1.000000      -4.800000    
   481.0000      0.0000000E+00  -4.810000    
   481.0000       1.000000      -4.810000    
   482.0000      0.0000000E+00  -4.820000    
   482.0000       1.000000      -4.820000    
   483.0000      0.0000000E+00  -4.830000    
   483.0000       1.000000      -4.830000    
   484.0000      0.0000000E+00  -4.840000    
   484.0000       1.000000      -4.840000    
   485.0000      0.0000000E+00  -4.850000    
   485.0000       1.000000      -4.850000    
   486.0000      0.0000000E+00  -4.860000    
   486.0000       1.000000      -4.860000    
   487.0000      0.0000000E+00  -4.870000    
   487.0000       1.000000      -4.870000    
   488.0000      0.0000000E+00  -4.880000    
   488.0000       1.000000      -4.880000    
   489.0000      0.0000000E+00  -4.890000    
   489.0000       1.000000      -4.890000    
   490.0000      0.0000000E+00  -4.900000    
   490.0000       1.000000      -4.900000    
   491.0000      0.0000000E+00  -4.910000    
   491.0000       1.000000      -4.910000    
   492.0000      0.0000000E+00  -4.920000    
   492.0000       1.000000      -4.920000    
   493.0000      0.0000000E+00  -4.930000    
   493.0000       1.000000      -4.930000    
   494.0000      0.0000000E+00  -4.940000    
   494.0000       1.000000      -4.940000    
   495.0000      0.0000000E+00  -4.950000    
   495.0000       1.000000      -4.950000    
   496.0000      0.0000000E+00  -4.960000    
   496.0000       1.000000      -4.960000    
   497.0000      0.0000000E+00  -4.970000    
   497.0000       1.000000      -4.970000    
   498.0000      0.0000000E+00  -4.980000    
   498.0000       1.000000      -4.980000    
   499.0000      0.0000000E+00  -4.990000    
   499.0000       1.000000      -4.990000    
   500.0000      0.0000000E+00  -5.000000    
   500.0000       1.000000      -5.000000    
           1           3           4           2
           3           5           6           4
           5           7           8           6
           7           9          10           8
           9          11          12          10
          11          13          14          12
          13          15          16          14
          15          17          18          16
          17          19          20          18
          19          21          22          20
          21          23          24          22
          23          25          26          24
          25          27          28          26
          27          29          30          28
          29          31          32          30
          31          33          34          32
          33          35          36          34
          35          37          38          36
          37          39          40          38
          39          41          42          40
          41          43          44          42
          43          45          46          44
          45          47          48          46
          47          49          50          48
          49          51          52          50
          51          53          54          52
          53          55          56          54
          55          57          58          56
          57          59          60          58
          59          61          62          60
          61          63          64          62
          63          65          66          64
          65          67          68          66
          67          69          70          68
          69          71          72          70
          71          73          74          72
          73          75          76          74
          75          77          78          76
          77          79          80          78
          79          81          82          80
          81          83          84          82
          83          85          86          84
          85          87          88          86
          87          89          90          88
          89          91          92          90
          91          93          94          92
          93          95          96          94
          95          97          98          96
          97          99         100          98
          99         101         102         100
         101         103         104         102
         103         105         106         104
         105         107         108         106
         107         109         110         108
         109         111         112         110
         111         113         114         112
         113         115         116         114
         115         117         118         116
         117         119         120         118
         119         121         122         120
         121         123         124         122
         123         125         126         124
         125         127         128         126
         127         129         130         128
         129         131         132         130
         131         133         134         132
         133         135         136         134
         135         137         138         136
         137         139         140         138
         139         141         142         140
         141         143         144         142
         143         145         146         144
         145         147         148         146
         147         149         150         148
         149         151         152         150
         151         153         154         152
         153         155         156         154
         155         157         158         156
         157         159         160         158
         159         161         162         160
         161         163         164         162
         163         165         166         164
         165         167         168         166
         167         169         170         168
         169         171         172         170
         171         173         174         172
         173         175         176         174
         175         177         178         176
         177         179         180         178
         179         181         182         180
         181         183         184         182
         183         185         186         184
         185         187         188         186
         187         189         190         188
         189         191         192         190
         191         193         194         192
         193         195         196         194
         195         197         198         196
         197         199         200         198
         199         201         202         200
         201         203         204         202
         203         205         206         204
         205         207         208         206
         207         209         210         208
         209         211         212         210
         211         213         214         212
         213         215         216         214
         215         217         218         216
         217         219         220         218
         219         221         222         220
         221         223         224         222
         223         225         226         224
         225         227         228         226
         227         229         230         228
         229         231         232         230
         231         233         234         232
         233         235         236         234
         235         237         238         236
         237         239         240         238
         239         241         242         240
         241         243         244         242
         243         245         246         244
         245         247         248         246
         247         249         250         248
         249         251         252         250
         251         253         254         252
         253         255         256         254
         255         257         258         256
         257         259         260         258
         259         261         262         260
         261         263         264         262
         263         265         266         264
         265         267         268         266
         267         269         270         268
         269         271         272         270
         271         273         274         272
         273         275         276         274
         275         277         278         276
         277         279         280         278
         279         281         282         280
         281         283         284         282
         283         285         286         284
         285         287         288         286
         287         289         290         288
         289         291         292         290
         291         293         294         292
         293         295         296         294
         295         297         298         296
         297         299         300         298
         299         301         302         300
         301         303         304         302
         303         305         306         304
         305         307         308         306
         307         309         310         308
         309         311         312         310
         311         313         314         312
         313         315         316         314
         315         317         318         316
         317         319         320         318
         319         321         322         320
         321         323         324         322
         323         325         326         324
         325         327         328         326
         327         329         330         328
         329         331         332         330
         331         333         334         332
         333         335         336         334
         335         337         338         336
         337         339         340         338
         339         341         342         340
         341         343         344         342
         343         345         346         344
         345         347         348         346
         347         349         350         348
         349         351         352         350
         351         353         354         352
         353         355         356         354
         355         357         358         356
         357         359         360         358
         359         361         362         360
         361         363         364         362
         363         365         366         364
         365         367         368         366
         367         369         370         368
         369         371         372         370
         371         373         374         372
         373         375         376         374
         375         377         378         376
         377         379         380         378
         379         381         382         380
         381         383         384         382
         383         385         386         384
         385         387         388         386
         387         389         390         388
         389         391         392         390
         391         393         394         392
         393         395         396         394
         395         397         398         396
         397         399         400         398
         399         401         402         400
         401         403         404         402
         403         405         406         404
         405         407         408         406
         407         409         410         408
         409         411         412         410
         411         413         414         412
         413         415         416         414
         415         417         418         416
         417         419         420         418
         419         421         422         420
         421         423         424         422
         423         425         426         424
         425         427         428         426
         427         429         430         428
         429         431         432         430
         431         433         434         432
         433         435         436         434
         435         437         438         436
         437         439         440         438
         439         441         442         440
         441         443         444         442
         443         445         446         444
         445         447         448         446
         447         449         450         448
         449         451         452         450
         451         453         454         452
         453         455         456         454
         455         457         458         456
         457         459         460         458
         459         461         462         460
         461         463         464         462
         463         465         466         464
         465         467         468         466
         467         469         470         468
         469         471         472         470
         471         473         474         472
         473         475         476         474
         475         477         478         476
         477         479         480         478
         479         481         482         480
         481         483         484         482
         483         485         486         484
         485         487         488         486
         487         489         490         488
         489         491         492         490
         491         493         494         492
         493         495         496         494
         495         497         498         496
         497         499         500         498
         499         501         502         500
         501         503         504         502
         503         505         506         504
         505         507         508         506
         507         509         510         508
         509         511         512         510
         511         513         514         512
         513         515         516         514
         515         517         518         516
         517         519         520         518
         519         521         522         520
         521         523         524         522
         523         525         526         524
         525         527         528         526
         527         529         530         528
         529         531         532         530
         531         533         534         532
         533         535         536         534
         535         537         538         536
         537         539         540         538
         539         541         542         540
         541         543         544         542
         543         545         546         544
         545         547         548         546
         547         549         550         548
         549         551         552         550
         551         553         554         552
         553         555         556         554
         555         557         558         556
         557         559         560         558
         559         561         562         560
         561         563         564         562
         563         565         566         564
         565         567         568         566
         567         569         570         568
         569         571         572         570
         571         573         574         572
         573         575         576         574
         575         577         578         576
         577         579         580         578
         579         581         582         580
         581         583         584         582
         583         585         586         584
         585         587         588         586
         587         589         590         588
         589         591         592         590
         591         593         594         592
         593         595         596         594
         595         597         598         596
         597         599         600         598
         599         601         602         600
         601         603         604         602
         603         605         606         604
         605         607         608         606
         607         609         610         608
         609         611         612         610
         611         613         614         612
         613         615         616         614
         615         617         618         616
         617         619         620         618
         619         621         622         620
         621         623         624         622
         623         625         626         624
         625         627         628         626
         627         629         630         628
         629         631         632         630
         631         633         634         632
         633         635         636         634
         635         637         638         636
         637         639         640         638
         639         641         642         640
         641         643         644         642
         643         645         646         644
         645         647         648         646
         647         649         650         648
         649         651         652         650
         651         653         654         652
         653         655         656         654
         655         657         658         656
         657         659         660         658
         659         661         662         660
         661         663         664         662
         663         665         666         664
         665         667         668         666
         667         669         670         668
         669         671         672         670
         671         673         674         672
         673         675         676         674
         675         677         678         676
         677         679         680         678
         679         681         682         680
         681         683         684         682
         683         685         686         684
         685         687         688         686
         687         689         690         688
         689         691         692         690
         691         693         694         692
         693         695         696         694
         695         697         698         696
         697         699         700         698
         699         701         702         700
         701         703         704         702
         703         705         706         704
         705         707         708         706
         707         709         710         708
         709         711         712         710
         711         713         714         712
         713         715         716         714
         715         717         718         716
         717         719         720         718
         719         721         722         720
         721         723         724         722
         723         725         726         724
         725         727         728         726
         727         729         730         728
         729         731         732         730
         731         733         734         732
         733         735         736         734
         735         737         738         736
         737         739         740         738
         739         741         742         740
         741         743         744         742
         743         745         746         744
         745         747         748         746
         747         749         750         748
         749         751         752         750
         751         753         754         752
         753         755         756         754
         755         757         758         756
         757         759         760         758
         759         761         762         760
         761         763         764         762
         763         765         766         764
         765         767         768         766
         767         769         770         768
         769         771         772         770
         771         773         774         772
         773         775         776         774
         775         777         778         776
         777         779         780         778
         779         781         782         780
         781         783         784         782
         783         785         786         784
         785         787         788         786
         787         789         790         788
         789         791         792         790
         791         793         794         792
         793         795         796         794
         795         797         798         796
         797         799         800         798
         799         801         802         800
         801         803         804         802
         803         805         806         804
         805         807         808         806
         807         809         810         808
         809         811         812         810
         811         813         814         812
         813         815         816         814
         815         817         818         816
         817         819         820         818
         819         821         822         820
         821         823         824         822
         823         825         826         824
         825         827         828         826
         827         829         830         828
         829         831         832         830
         831         833         834         832
         833         835         836         834
         835         837         838         836
         837         839         840         838
         839         841         842         840
         841         843         844         842
         843         845         846         844
         845         847         848         846
         847         849         850         848
         849         851         852         850
         851         853         854         852
         853         855         856         854
         855         857         858         856
         857         859         860         858
         859         861         862         860
         861         863         864         862
         863         865         866         864
         865         867         868         866
         867         869         870         868
         869         871         872         870
         871         873         874         872
         873         875         876         874
         875         877         878         876
         877         879         880         878
         879         881         882         880
         881         883         884         882
         883         885         886         884
         885         887         888         886
         887         889         890         888
         889         891         892         890
         891         893         894         892
         893         895         896         894
         895         897         898         896
         897         899         900         898
         899         901         902         900
         901         903         904         902
         903         905         906         904
         905         907         908         906
         907         909         910         908
         909         911         912         910
         911         913         914         912
         913         915         916         914
         915         917         918         916
         917         919         920         918
         919         921         922         920
         921         923         924         922
         923         925         926         924
         925         927         928         926
         927         929         930         928
         929         931         932         930
         931         933         934         932
         933         935         936         934
         935         937         938         936
         937         939         940         938
         939         941         942         940
         941         943         944         942
         943         945         946         944
         945         947         948         946
         947         949         950         948
         949         951         952         950
         951         953         954         952
         953         955         956         954
         955         957         958         956
         957         959         960         958
         959         961         962         960
         961         963         964         962
         963         965         966         964
         965         967         968         966
         967         969         970         968
         969         971         972         970
         971         973         974         972
         973         975         976         974
         975         977         978         976
         977         979         980         978
         979         981         982         980
         981         983         984         982
         983         985         986         984
         985         987         988         986
         987         989         990         988
         989         991         992         990
         991         993         994         992
         993         995         996         994
         995         997         998         996
         997         999        1000         998
         999        1001        1002        1000
