 Zone
   5.00000000000000      -0.348105003495639      -5.000000000000000E-002
   15.0000000000000      -0.354454630990656      -0.150000000000000     
   25.0000000000000      -0.227214788683329      -0.250000000000000     
   35.0000000000000      -0.194755533157140      -0.350000000000000     
   45.0000000000000      -0.129837022104760      -0.450000000000000     
   55.0000000000000      -9.737776657856977E-002 -0.550000000000000     
   65.0000000000000      -3.245925552618992E-002 -0.650000000000000     
   75.0000000000000       0.000000000000000E+000 -0.750000000000000     
   85.0000000000000       0.000000000000000E+000 -0.850000000000000     
   95.0000000000000       0.000000000000000E+000 -0.950000000000000     
   105.000000000000       0.000000000000000E+000  -1.05000000000000     
   115.000000000000       0.000000000000000E+000  -1.15000000000000     
   125.000000000000       0.000000000000000E+000  -1.25000000000000     
   135.000000000000       0.000000000000000E+000  -1.35000000000000     
   145.000000000000       0.000000000000000E+000  -1.45000000000000     
   155.000000000000       0.000000000000000E+000  -1.55000000000000     
   165.000000000000       0.000000000000000E+000  -1.65000000000000     
   175.000000000000       0.000000000000000E+000  -1.75000000000000     
   185.000000000000       0.000000000000000E+000  -1.85000000000000     
   195.000000000000       0.000000000000000E+000  -1.95000000000000     
   205.000000000000       0.000000000000000E+000  -2.05000000000000     
   215.000000000000       0.000000000000000E+000  -2.15000000000000     
   225.000000000000       0.000000000000000E+000  -2.25000000000000     
   235.000000000000       0.000000000000000E+000  -2.35000000000000     
   245.000000000000       0.000000000000000E+000  -2.45000000000000     
   255.000000000000       0.000000000000000E+000  -2.55000000000000     
   265.000000000000       0.000000000000000E+000  -2.65000000000000     
   275.000000000000       0.000000000000000E+000  -2.75000000000000     
   285.000000000000       0.000000000000000E+000  -2.85000000000000     
   295.000000000000       0.000000000000000E+000  -2.95000000000000     
   305.000000000000       0.000000000000000E+000  -3.05000000000000     
   315.000000000000       0.000000000000000E+000  -3.15000000000000     
   325.000000000000       0.000000000000000E+000  -3.25000000000000     
   335.000000000000       0.000000000000000E+000  -3.35000000000000     
   345.000000000000       0.000000000000000E+000  -3.45000000000000     
   355.000000000000       0.000000000000000E+000  -3.55000000000000     
   365.000000000000       0.000000000000000E+000  -3.65000000000000     
   375.000000000000       0.000000000000000E+000  -3.75000000000000     
   385.000000000000       0.000000000000000E+000  -3.85000000000000     
   395.000000000000       0.000000000000000E+000  -3.95000000000000     
   405.000000000000       0.000000000000000E+000  -4.05000000000000     
   415.000000000000       0.000000000000000E+000  -4.15000000000000     
   425.000000000000       0.000000000000000E+000  -4.25000000000000     
   435.000000000000       0.000000000000000E+000  -4.35000000000000     
   445.000000000000       0.000000000000000E+000  -4.45000000000000     
   455.000000000000       0.000000000000000E+000  -4.55000000000000     
   465.000000000000       0.000000000000000E+000  -4.65000000000000     
   475.000000000000       0.000000000000000E+000  -4.75000000000000     
   485.000000000000       0.000000000000000E+000  -4.85000000000000     
   495.000000000000       0.000000000000000E+000  -4.95000000000000     
   505.000000000000       0.000000000000000E+000  -5.05000000000000     
   515.000000000000       0.000000000000000E+000  -5.15000000000000     
   525.000000000000       0.000000000000000E+000  -5.25000000000000     
   535.000000000000       0.000000000000000E+000  -5.35000000000000     
   545.000000000000       0.000000000000000E+000  -5.45000000000000     
   555.000000000000       0.000000000000000E+000  -5.55000000000000     
   565.000000000000       0.000000000000000E+000  -5.65000000000000     
   575.000000000000       0.000000000000000E+000  -5.75000000000000     
   585.000000000000       0.000000000000000E+000  -5.85000000000000     
   595.000000000000       0.000000000000000E+000  -5.95000000000000     
   605.000000000000       0.000000000000000E+000  -6.05000000000000     
   615.000000000000       0.000000000000000E+000  -6.15000000000000     
   625.000000000000       0.000000000000000E+000  -6.25000000000000     
   635.000000000000       0.000000000000000E+000  -6.35000000000000     
   645.000000000000       0.000000000000000E+000  -6.45000000000000     
   655.000000000000       0.000000000000000E+000  -6.55000000000000     
   665.000000000000       0.000000000000000E+000  -6.65000000000000     
   675.000000000000       0.000000000000000E+000  -6.75000000000000     
   685.000000000000       0.000000000000000E+000  -6.85000000000000     
   695.000000000000       0.000000000000000E+000  -6.95000000000000     
   705.000000000000       0.000000000000000E+000  -7.05000000000000     
   715.000000000000       0.000000000000000E+000  -7.15000000000000     
   725.000000000000       0.000000000000000E+000  -7.25000000000000     
   735.000000000000       0.000000000000000E+000  -7.35000000000000     
   745.000000000000       0.000000000000000E+000  -7.45000000000000     
   755.000000000000       0.000000000000000E+000  -7.55000000000000     
   765.000000000000       0.000000000000000E+000  -7.65000000000000     
   775.000000000000       0.000000000000000E+000  -7.75000000000000     
   785.000000000000       0.000000000000000E+000  -7.85000000000000     
   795.000000000000       0.000000000000000E+000  -7.95000000000000     
   805.000000000000       0.000000000000000E+000  -8.05000000000000     
   815.000000000000       0.000000000000000E+000  -8.15000000000000     
   825.000000000000       0.000000000000000E+000  -8.25000000000000     
   835.000000000000       0.000000000000000E+000  -8.35000000000000     
   845.000000000000       0.000000000000000E+000  -8.45000000000000     
   855.000000000000       0.000000000000000E+000  -8.55000000000000     
   865.000000000000       0.000000000000000E+000  -8.65000000000000     
   875.000000000000       0.000000000000000E+000  -8.75000000000000     
   885.000000000000       0.000000000000000E+000  -8.85000000000000     
   895.000000000000       0.000000000000000E+000  -8.95000000000000     
   905.000000000000       0.000000000000000E+000  -9.05000000000000     
   915.000000000000       0.000000000000000E+000  -9.15000000000000     
   925.000000000000       0.000000000000000E+000  -9.25000000000000     
   935.000000000000       0.000000000000000E+000  -9.35000000000000     
   945.000000000000       0.000000000000000E+000  -9.45000000000000     
   955.000000000000       0.000000000000000E+000  -9.55000000000000     
   965.000000000000       0.000000000000000E+000  -9.65000000000000     
   975.000000000000       0.000000000000000E+000  -9.75000000000000     
   985.000000000000       0.000000000000000E+000  -9.85000000000000     
   995.000000000000       0.000000000000000E+000  -9.95000000000000     
 Zone
   5.00000000000000      -0.348105003495639      -5.000000000000000E-002
   15.0000000000000      -0.354454630990656      -0.150000000000000     
   25.0000000000000      -0.227214788683329      -0.250000000000000     
   35.0000000000000      -0.194755533157140      -0.350000000000000     
   45.0000000000000      -0.129837022104760      -0.450000000000000     
   55.0000000000000      -9.737776657856977E-002 -0.550000000000000     
   65.0000000000000      -3.245925552618992E-002 -0.650000000000000     
   75.0000000000000       0.000000000000000E+000 -0.750000000000000     
   85.0000000000000       0.000000000000000E+000 -0.850000000000000     
   95.0000000000000       0.000000000000000E+000 -0.950000000000000     
   105.000000000000       0.000000000000000E+000  -1.05000000000000     
   115.000000000000       0.000000000000000E+000  -1.15000000000000     
   125.000000000000       0.000000000000000E+000  -1.25000000000000     
   135.000000000000       0.000000000000000E+000  -1.35000000000000     
   145.000000000000       0.000000000000000E+000  -1.45000000000000     
   155.000000000000       0.000000000000000E+000  -1.55000000000000     
   165.000000000000       0.000000000000000E+000  -1.65000000000000     
   175.000000000000       0.000000000000000E+000  -1.75000000000000     
   185.000000000000       0.000000000000000E+000  -1.85000000000000     
   195.000000000000       0.000000000000000E+000  -1.95000000000000     
   205.000000000000       0.000000000000000E+000  -2.05000000000000     
   215.000000000000       0.000000000000000E+000  -2.15000000000000     
   225.000000000000       0.000000000000000E+000  -2.25000000000000     
   235.000000000000       0.000000000000000E+000  -2.35000000000000     
   245.000000000000       0.000000000000000E+000  -2.45000000000000     
   255.000000000000       0.000000000000000E+000  -2.55000000000000     
   265.000000000000       0.000000000000000E+000  -2.65000000000000     
   275.000000000000       0.000000000000000E+000  -2.75000000000000     
   285.000000000000       0.000000000000000E+000  -2.85000000000000     
   295.000000000000       0.000000000000000E+000  -2.95000000000000     
   305.000000000000       0.000000000000000E+000  -3.05000000000000     
   315.000000000000       0.000000000000000E+000  -3.15000000000000     
   325.000000000000       0.000000000000000E+000  -3.25000000000000     
   335.000000000000       0.000000000000000E+000  -3.35000000000000     
   345.000000000000       0.000000000000000E+000  -3.45000000000000     
   355.000000000000       0.000000000000000E+000  -3.55000000000000     
   365.000000000000       0.000000000000000E+000  -3.65000000000000     
   375.000000000000       0.000000000000000E+000  -3.75000000000000     
   385.000000000000       0.000000000000000E+000  -3.85000000000000     
   395.000000000000       0.000000000000000E+000  -3.95000000000000     
   405.000000000000       0.000000000000000E+000  -4.05000000000000     
   415.000000000000       0.000000000000000E+000  -4.15000000000000     
   425.000000000000       0.000000000000000E+000  -4.25000000000000     
   435.000000000000       0.000000000000000E+000  -4.35000000000000     
   445.000000000000       0.000000000000000E+000  -4.45000000000000     
   455.000000000000       0.000000000000000E+000  -4.55000000000000     
   465.000000000000       0.000000000000000E+000  -4.65000000000000     
   475.000000000000       0.000000000000000E+000  -4.75000000000000     
   485.000000000000       0.000000000000000E+000  -4.85000000000000     
   495.000000000000       0.000000000000000E+000  -4.95000000000000     
   505.000000000000       0.000000000000000E+000  -5.05000000000000     
   515.000000000000       0.000000000000000E+000  -5.15000000000000     
   525.000000000000       0.000000000000000E+000  -5.25000000000000     
   535.000000000000       0.000000000000000E+000  -5.35000000000000     
   545.000000000000       0.000000000000000E+000  -5.45000000000000     
   555.000000000000       0.000000000000000E+000  -5.55000000000000     
   565.000000000000       0.000000000000000E+000  -5.65000000000000     
   575.000000000000       0.000000000000000E+000  -5.75000000000000     
   585.000000000000       0.000000000000000E+000  -5.85000000000000     
   595.000000000000       0.000000000000000E+000  -5.95000000000000     
   605.000000000000       0.000000000000000E+000  -6.05000000000000     
   615.000000000000       0.000000000000000E+000  -6.15000000000000     
   625.000000000000       0.000000000000000E+000  -6.25000000000000     
   635.000000000000       0.000000000000000E+000  -6.35000000000000     
   645.000000000000       0.000000000000000E+000  -6.45000000000000     
   655.000000000000       0.000000000000000E+000  -6.55000000000000     
   665.000000000000       0.000000000000000E+000  -6.65000000000000     
   675.000000000000       0.000000000000000E+000  -6.75000000000000     
   685.000000000000       0.000000000000000E+000  -6.85000000000000     
   695.000000000000       0.000000000000000E+000  -6.95000000000000     
   705.000000000000       0.000000000000000E+000  -7.05000000000000     
   715.000000000000       0.000000000000000E+000  -7.15000000000000     
   725.000000000000       0.000000000000000E+000  -7.25000000000000     
   735.000000000000       0.000000000000000E+000  -7.35000000000000     
   745.000000000000       0.000000000000000E+000  -7.45000000000000     
   755.000000000000       0.000000000000000E+000  -7.55000000000000     
   765.000000000000       0.000000000000000E+000  -7.65000000000000     
   775.000000000000       0.000000000000000E+000  -7.75000000000000     
   785.000000000000       0.000000000000000E+000  -7.85000000000000     
   795.000000000000       0.000000000000000E+000  -7.95000000000000     
   805.000000000000       0.000000000000000E+000  -8.05000000000000     
   815.000000000000       0.000000000000000E+000  -8.15000000000000     
   825.000000000000       0.000000000000000E+000  -8.25000000000000     
   835.000000000000       0.000000000000000E+000  -8.35000000000000     
   845.000000000000       0.000000000000000E+000  -8.45000000000000     
   855.000000000000       0.000000000000000E+000  -8.55000000000000     
   865.000000000000       0.000000000000000E+000  -8.65000000000000     
   875.000000000000       0.000000000000000E+000  -8.75000000000000     
   885.000000000000       0.000000000000000E+000  -8.85000000000000     
   895.000000000000       0.000000000000000E+000  -8.95000000000000     
   905.000000000000       0.000000000000000E+000  -9.05000000000000     
   915.000000000000       0.000000000000000E+000  -9.15000000000000     
   925.000000000000       0.000000000000000E+000  -9.25000000000000     
   935.000000000000       0.000000000000000E+000  -9.35000000000000     
   945.000000000000       0.000000000000000E+000  -9.45000000000000     
   955.000000000000       0.000000000000000E+000  -9.55000000000000     
   965.000000000000       0.000000000000000E+000  -9.65000000000000     
   975.000000000000       0.000000000000000E+000  -9.75000000000000     
   985.000000000000       0.000000000000000E+000  -9.85000000000000     
   995.000000000000       0.000000000000000E+000  -9.95000000000000     
 Zone
   5.00000000000000      -0.348105003495639      -5.000000000000000E-002
   15.0000000000000      -0.354454630990656      -0.150000000000000     
   25.0000000000000      -0.227214788683329      -0.250000000000000     
   35.0000000000000      -0.194755533157140      -0.350000000000000     
   45.0000000000000      -0.129837022104760      -0.450000000000000     
   55.0000000000000      -9.737776657856977E-002 -0.550000000000000     
   65.0000000000000      -3.245925552618992E-002 -0.650000000000000     
   75.0000000000000       0.000000000000000E+000 -0.750000000000000     
   85.0000000000000       0.000000000000000E+000 -0.850000000000000     
   95.0000000000000       0.000000000000000E+000 -0.950000000000000     
   105.000000000000       0.000000000000000E+000  -1.05000000000000     
   115.000000000000       0.000000000000000E+000  -1.15000000000000     
   125.000000000000       0.000000000000000E+000  -1.25000000000000     
   135.000000000000       0.000000000000000E+000  -1.35000000000000     
   145.000000000000       0.000000000000000E+000  -1.45000000000000     
   155.000000000000       0.000000000000000E+000  -1.55000000000000     
   165.000000000000       0.000000000000000E+000  -1.65000000000000     
   175.000000000000       0.000000000000000E+000  -1.75000000000000     
   185.000000000000       0.000000000000000E+000  -1.85000000000000     
   195.000000000000       0.000000000000000E+000  -1.95000000000000     
   205.000000000000       0.000000000000000E+000  -2.05000000000000     
   215.000000000000       0.000000000000000E+000  -2.15000000000000     
   225.000000000000       0.000000000000000E+000  -2.25000000000000     
   235.000000000000       0.000000000000000E+000  -2.35000000000000     
   245.000000000000       0.000000000000000E+000  -2.45000000000000     
   255.000000000000       0.000000000000000E+000  -2.55000000000000     
   265.000000000000       0.000000000000000E+000  -2.65000000000000     
   275.000000000000       0.000000000000000E+000  -2.75000000000000     
   285.000000000000       0.000000000000000E+000  -2.85000000000000     
   295.000000000000       0.000000000000000E+000  -2.95000000000000     
   305.000000000000       0.000000000000000E+000  -3.05000000000000     
   315.000000000000       0.000000000000000E+000  -3.15000000000000     
   325.000000000000       0.000000000000000E+000  -3.25000000000000     
   335.000000000000       0.000000000000000E+000  -3.35000000000000     
   345.000000000000       0.000000000000000E+000  -3.45000000000000     
   355.000000000000       0.000000000000000E+000  -3.55000000000000     
   365.000000000000       0.000000000000000E+000  -3.65000000000000     
   375.000000000000       0.000000000000000E+000  -3.75000000000000     
   385.000000000000       0.000000000000000E+000  -3.85000000000000     
   395.000000000000       0.000000000000000E+000  -3.95000000000000     
   405.000000000000       0.000000000000000E+000  -4.05000000000000     
   415.000000000000       0.000000000000000E+000  -4.15000000000000     
   425.000000000000       0.000000000000000E+000  -4.25000000000000     
   435.000000000000       0.000000000000000E+000  -4.35000000000000     
   445.000000000000       0.000000000000000E+000  -4.45000000000000     
   455.000000000000       0.000000000000000E+000  -4.55000000000000     
   465.000000000000       0.000000000000000E+000  -4.65000000000000     
   475.000000000000       0.000000000000000E+000  -4.75000000000000     
   485.000000000000       0.000000000000000E+000  -4.85000000000000     
   495.000000000000       0.000000000000000E+000  -4.95000000000000     
   505.000000000000       0.000000000000000E+000  -5.05000000000000     
   515.000000000000       0.000000000000000E+000  -5.15000000000000     
   525.000000000000       0.000000000000000E+000  -5.25000000000000     
   535.000000000000       0.000000000000000E+000  -5.35000000000000     
   545.000000000000       0.000000000000000E+000  -5.45000000000000     
   555.000000000000       0.000000000000000E+000  -5.55000000000000     
   565.000000000000       0.000000000000000E+000  -5.65000000000000     
   575.000000000000       0.000000000000000E+000  -5.75000000000000     
   585.000000000000       0.000000000000000E+000  -5.85000000000000     
   595.000000000000       0.000000000000000E+000  -5.95000000000000     
   605.000000000000       0.000000000000000E+000  -6.05000000000000     
   615.000000000000       0.000000000000000E+000  -6.15000000000000     
   625.000000000000       0.000000000000000E+000  -6.25000000000000     
   635.000000000000       0.000000000000000E+000  -6.35000000000000     
   645.000000000000       0.000000000000000E+000  -6.45000000000000     
   655.000000000000       0.000000000000000E+000  -6.55000000000000     
   665.000000000000       0.000000000000000E+000  -6.65000000000000     
   675.000000000000       0.000000000000000E+000  -6.75000000000000     
   685.000000000000       0.000000000000000E+000  -6.85000000000000     
   695.000000000000       0.000000000000000E+000  -6.95000000000000     
   705.000000000000       0.000000000000000E+000  -7.05000000000000     
   715.000000000000       0.000000000000000E+000  -7.15000000000000     
   725.000000000000       0.000000000000000E+000  -7.25000000000000     
   735.000000000000       0.000000000000000E+000  -7.35000000000000     
   745.000000000000       0.000000000000000E+000  -7.45000000000000     
   755.000000000000       0.000000000000000E+000  -7.55000000000000     
   765.000000000000       0.000000000000000E+000  -7.65000000000000     
   775.000000000000       0.000000000000000E+000  -7.75000000000000     
   785.000000000000       0.000000000000000E+000  -7.85000000000000     
   795.000000000000       0.000000000000000E+000  -7.95000000000000     
   805.000000000000       0.000000000000000E+000  -8.05000000000000     
   815.000000000000       0.000000000000000E+000  -8.15000000000000     
   825.000000000000       0.000000000000000E+000  -8.25000000000000     
   835.000000000000       0.000000000000000E+000  -8.35000000000000     
   845.000000000000       0.000000000000000E+000  -8.45000000000000     
   855.000000000000       0.000000000000000E+000  -8.55000000000000     
   865.000000000000       0.000000000000000E+000  -8.65000000000000     
   875.000000000000       0.000000000000000E+000  -8.75000000000000     
   885.000000000000       0.000000000000000E+000  -8.85000000000000     
   895.000000000000       0.000000000000000E+000  -8.95000000000000     
   905.000000000000       0.000000000000000E+000  -9.05000000000000     
   915.000000000000       0.000000000000000E+000  -9.15000000000000     
   925.000000000000       0.000000000000000E+000  -9.25000000000000     
   935.000000000000       0.000000000000000E+000  -9.35000000000000     
   945.000000000000       0.000000000000000E+000  -9.45000000000000     
   955.000000000000       0.000000000000000E+000  -9.55000000000000     
   965.000000000000       0.000000000000000E+000  -9.65000000000000     
   975.000000000000       0.000000000000000E+000  -9.75000000000000     
   985.000000000000       0.000000000000000E+000  -9.85000000000000     
   995.000000000000       0.000000000000000E+000  -9.95000000000000     
 Zone
   5.00000000000000      -0.348105003495639      -5.000000000000000E-002
   15.0000000000000      -0.354454630990656      -0.150000000000000     
   25.0000000000000      -0.227214788683329      -0.250000000000000     
   35.0000000000000      -0.194755533157140      -0.350000000000000     
   45.0000000000000      -0.129837022104760      -0.450000000000000     
   55.0000000000000      -9.737776657856977E-002 -0.550000000000000     
   65.0000000000000      -3.245925552618992E-002 -0.650000000000000     
   75.0000000000000       0.000000000000000E+000 -0.750000000000000     
   85.0000000000000       0.000000000000000E+000 -0.850000000000000     
   95.0000000000000       0.000000000000000E+000 -0.950000000000000     
   105.000000000000       0.000000000000000E+000  -1.05000000000000     
   115.000000000000       0.000000000000000E+000  -1.15000000000000     
   125.000000000000       0.000000000000000E+000  -1.25000000000000     
   135.000000000000       0.000000000000000E+000  -1.35000000000000     
   145.000000000000       0.000000000000000E+000  -1.45000000000000     
   155.000000000000       0.000000000000000E+000  -1.55000000000000     
   165.000000000000       0.000000000000000E+000  -1.65000000000000     
   175.000000000000       0.000000000000000E+000  -1.75000000000000     
   185.000000000000       0.000000000000000E+000  -1.85000000000000     
   195.000000000000       0.000000000000000E+000  -1.95000000000000     
   205.000000000000       0.000000000000000E+000  -2.05000000000000     
   215.000000000000       0.000000000000000E+000  -2.15000000000000     
   225.000000000000       0.000000000000000E+000  -2.25000000000000     
   235.000000000000       0.000000000000000E+000  -2.35000000000000     
   245.000000000000       0.000000000000000E+000  -2.45000000000000     
   255.000000000000       0.000000000000000E+000  -2.55000000000000     
   265.000000000000       0.000000000000000E+000  -2.65000000000000     
   275.000000000000       0.000000000000000E+000  -2.75000000000000     
   285.000000000000       0.000000000000000E+000  -2.85000000000000     
   295.000000000000       0.000000000000000E+000  -2.95000000000000     
   305.000000000000       0.000000000000000E+000  -3.05000000000000     
   315.000000000000       0.000000000000000E+000  -3.15000000000000     
   325.000000000000       0.000000000000000E+000  -3.25000000000000     
   335.000000000000       0.000000000000000E+000  -3.35000000000000     
   345.000000000000       0.000000000000000E+000  -3.45000000000000     
   355.000000000000       0.000000000000000E+000  -3.55000000000000     
   365.000000000000       0.000000000000000E+000  -3.65000000000000     
   375.000000000000       0.000000000000000E+000  -3.75000000000000     
   385.000000000000       0.000000000000000E+000  -3.85000000000000     
   395.000000000000       0.000000000000000E+000  -3.95000000000000     
   405.000000000000       0.000000000000000E+000  -4.05000000000000     
   415.000000000000       0.000000000000000E+000  -4.15000000000000     
   425.000000000000       0.000000000000000E+000  -4.25000000000000     
   435.000000000000       0.000000000000000E+000  -4.35000000000000     
   445.000000000000       0.000000000000000E+000  -4.45000000000000     
   455.000000000000       0.000000000000000E+000  -4.55000000000000     
   465.000000000000       0.000000000000000E+000  -4.65000000000000     
   475.000000000000       0.000000000000000E+000  -4.75000000000000     
   485.000000000000       0.000000000000000E+000  -4.85000000000000     
   495.000000000000       0.000000000000000E+000  -4.95000000000000     
   505.000000000000       0.000000000000000E+000  -5.05000000000000     
   515.000000000000       0.000000000000000E+000  -5.15000000000000     
   525.000000000000       0.000000000000000E+000  -5.25000000000000     
   535.000000000000       0.000000000000000E+000  -5.35000000000000     
   545.000000000000       0.000000000000000E+000  -5.45000000000000     
   555.000000000000       0.000000000000000E+000  -5.55000000000000     
   565.000000000000       0.000000000000000E+000  -5.65000000000000     
   575.000000000000       0.000000000000000E+000  -5.75000000000000     
   585.000000000000       0.000000000000000E+000  -5.85000000000000     
   595.000000000000       0.000000000000000E+000  -5.95000000000000     
   605.000000000000       0.000000000000000E+000  -6.05000000000000     
   615.000000000000       0.000000000000000E+000  -6.15000000000000     
   625.000000000000       0.000000000000000E+000  -6.25000000000000     
   635.000000000000       0.000000000000000E+000  -6.35000000000000     
   645.000000000000       0.000000000000000E+000  -6.45000000000000     
   655.000000000000       0.000000000000000E+000  -6.55000000000000     
   665.000000000000       0.000000000000000E+000  -6.65000000000000     
   675.000000000000       0.000000000000000E+000  -6.75000000000000     
   685.000000000000       0.000000000000000E+000  -6.85000000000000     
   695.000000000000       0.000000000000000E+000  -6.95000000000000     
   705.000000000000       0.000000000000000E+000  -7.05000000000000     
   715.000000000000       0.000000000000000E+000  -7.15000000000000     
   725.000000000000       0.000000000000000E+000  -7.25000000000000     
   735.000000000000       0.000000000000000E+000  -7.35000000000000     
   745.000000000000       0.000000000000000E+000  -7.45000000000000     
   755.000000000000       0.000000000000000E+000  -7.55000000000000     
   765.000000000000       0.000000000000000E+000  -7.65000000000000     
   775.000000000000       0.000000000000000E+000  -7.75000000000000     
   785.000000000000       0.000000000000000E+000  -7.85000000000000     
   795.000000000000       0.000000000000000E+000  -7.95000000000000     
   805.000000000000       0.000000000000000E+000  -8.05000000000000     
   815.000000000000       0.000000000000000E+000  -8.15000000000000     
   825.000000000000       0.000000000000000E+000  -8.25000000000000     
   835.000000000000       0.000000000000000E+000  -8.35000000000000     
   845.000000000000       0.000000000000000E+000  -8.45000000000000     
   855.000000000000       0.000000000000000E+000  -8.55000000000000     
   865.000000000000       0.000000000000000E+000  -8.65000000000000     
   875.000000000000       0.000000000000000E+000  -8.75000000000000     
   885.000000000000       0.000000000000000E+000  -8.85000000000000     
   895.000000000000       0.000000000000000E+000  -8.95000000000000     
   905.000000000000       0.000000000000000E+000  -9.05000000000000     
   915.000000000000       0.000000000000000E+000  -9.15000000000000     
   925.000000000000       0.000000000000000E+000  -9.25000000000000     
   935.000000000000       0.000000000000000E+000  -9.35000000000000     
   945.000000000000       0.000000000000000E+000  -9.45000000000000     
   955.000000000000       0.000000000000000E+000  -9.55000000000000     
   965.000000000000       0.000000000000000E+000  -9.65000000000000     
   975.000000000000       0.000000000000000E+000  -9.75000000000000     
   985.000000000000       0.000000000000000E+000  -9.85000000000000     
   995.000000000000       0.000000000000000E+000  -9.95000000000000     
 Zone
   5.00000000000000      -0.348105003495639      -5.000000000000000E-002
   15.0000000000000      -0.354454630990656      -0.150000000000000     
   25.0000000000000      -0.227214788683329      -0.250000000000000     
   35.0000000000000      -0.194755533157140      -0.350000000000000     
   45.0000000000000      -0.129837022104760      -0.450000000000000     
   55.0000000000000      -9.737776657856977E-002 -0.550000000000000     
   65.0000000000000      -3.245925552618992E-002 -0.650000000000000     
   75.0000000000000       0.000000000000000E+000 -0.750000000000000     
   85.0000000000000       0.000000000000000E+000 -0.850000000000000     
   95.0000000000000       0.000000000000000E+000 -0.950000000000000     
   105.000000000000       0.000000000000000E+000  -1.05000000000000     
   115.000000000000       0.000000000000000E+000  -1.15000000000000     
   125.000000000000       0.000000000000000E+000  -1.25000000000000     
   135.000000000000       0.000000000000000E+000  -1.35000000000000     
   145.000000000000       0.000000000000000E+000  -1.45000000000000     
   155.000000000000       0.000000000000000E+000  -1.55000000000000     
   165.000000000000       0.000000000000000E+000  -1.65000000000000     
   175.000000000000       0.000000000000000E+000  -1.75000000000000     
   185.000000000000       0.000000000000000E+000  -1.85000000000000     
   195.000000000000       0.000000000000000E+000  -1.95000000000000     
   205.000000000000       0.000000000000000E+000  -2.05000000000000     
   215.000000000000       0.000000000000000E+000  -2.15000000000000     
   225.000000000000       0.000000000000000E+000  -2.25000000000000     
   235.000000000000       0.000000000000000E+000  -2.35000000000000     
   245.000000000000       0.000000000000000E+000  -2.45000000000000     
   255.000000000000       0.000000000000000E+000  -2.55000000000000     
   265.000000000000       0.000000000000000E+000  -2.65000000000000     
   275.000000000000       0.000000000000000E+000  -2.75000000000000     
   285.000000000000       0.000000000000000E+000  -2.85000000000000     
   295.000000000000       0.000000000000000E+000  -2.95000000000000     
   305.000000000000       0.000000000000000E+000  -3.05000000000000     
   315.000000000000       0.000000000000000E+000  -3.15000000000000     
   325.000000000000       0.000000000000000E+000  -3.25000000000000     
   335.000000000000       0.000000000000000E+000  -3.35000000000000     
   345.000000000000       0.000000000000000E+000  -3.45000000000000     
   355.000000000000       0.000000000000000E+000  -3.55000000000000     
   365.000000000000       0.000000000000000E+000  -3.65000000000000     
   375.000000000000       0.000000000000000E+000  -3.75000000000000     
   385.000000000000       0.000000000000000E+000  -3.85000000000000     
   395.000000000000       0.000000000000000E+000  -3.95000000000000     
   405.000000000000       0.000000000000000E+000  -4.05000000000000     
   415.000000000000       0.000000000000000E+000  -4.15000000000000     
   425.000000000000       0.000000000000000E+000  -4.25000000000000     
   435.000000000000       0.000000000000000E+000  -4.35000000000000     
   445.000000000000       0.000000000000000E+000  -4.45000000000000     
   455.000000000000       0.000000000000000E+000  -4.55000000000000     
   465.000000000000       0.000000000000000E+000  -4.65000000000000     
   475.000000000000       0.000000000000000E+000  -4.75000000000000     
   485.000000000000       0.000000000000000E+000  -4.85000000000000     
   495.000000000000       0.000000000000000E+000  -4.95000000000000     
   505.000000000000       0.000000000000000E+000  -5.05000000000000     
   515.000000000000       0.000000000000000E+000  -5.15000000000000     
   525.000000000000       0.000000000000000E+000  -5.25000000000000     
   535.000000000000       0.000000000000000E+000  -5.35000000000000     
   545.000000000000       0.000000000000000E+000  -5.45000000000000     
   555.000000000000       0.000000000000000E+000  -5.55000000000000     
   565.000000000000       0.000000000000000E+000  -5.65000000000000     
   575.000000000000       0.000000000000000E+000  -5.75000000000000     
   585.000000000000       0.000000000000000E+000  -5.85000000000000     
   595.000000000000       0.000000000000000E+000  -5.95000000000000     
   605.000000000000       0.000000000000000E+000  -6.05000000000000     
   615.000000000000       0.000000000000000E+000  -6.15000000000000     
   625.000000000000       0.000000000000000E+000  -6.25000000000000     
   635.000000000000       0.000000000000000E+000  -6.35000000000000     
   645.000000000000       0.000000000000000E+000  -6.45000000000000     
   655.000000000000       0.000000000000000E+000  -6.55000000000000     
   665.000000000000       0.000000000000000E+000  -6.65000000000000     
   675.000000000000       0.000000000000000E+000  -6.75000000000000     
   685.000000000000       0.000000000000000E+000  -6.85000000000000     
   695.000000000000       0.000000000000000E+000  -6.95000000000000     
   705.000000000000       0.000000000000000E+000  -7.05000000000000     
   715.000000000000       0.000000000000000E+000  -7.15000000000000     
   725.000000000000       0.000000000000000E+000  -7.25000000000000     
   735.000000000000       0.000000000000000E+000  -7.35000000000000     
   745.000000000000       0.000000000000000E+000  -7.45000000000000     
   755.000000000000       0.000000000000000E+000  -7.55000000000000     
   765.000000000000       0.000000000000000E+000  -7.65000000000000     
   775.000000000000       0.000000000000000E+000  -7.75000000000000     
   785.000000000000       0.000000000000000E+000  -7.85000000000000     
   795.000000000000       0.000000000000000E+000  -7.95000000000000     
   805.000000000000       0.000000000000000E+000  -8.05000000000000     
   815.000000000000       0.000000000000000E+000  -8.15000000000000     
   825.000000000000       0.000000000000000E+000  -8.25000000000000     
   835.000000000000       0.000000000000000E+000  -8.35000000000000     
   845.000000000000       0.000000000000000E+000  -8.45000000000000     
   855.000000000000       0.000000000000000E+000  -8.55000000000000     
   865.000000000000       0.000000000000000E+000  -8.65000000000000     
   875.000000000000       0.000000000000000E+000  -8.75000000000000     
   885.000000000000       0.000000000000000E+000  -8.85000000000000     
   895.000000000000       0.000000000000000E+000  -8.95000000000000     
   905.000000000000       0.000000000000000E+000  -9.05000000000000     
   915.000000000000       0.000000000000000E+000  -9.15000000000000     
   925.000000000000       0.000000000000000E+000  -9.25000000000000     
   935.000000000000       0.000000000000000E+000  -9.35000000000000     
   945.000000000000       0.000000000000000E+000  -9.45000000000000     
   955.000000000000       0.000000000000000E+000  -9.55000000000000     
   965.000000000000       0.000000000000000E+000  -9.65000000000000     
   975.000000000000       0.000000000000000E+000  -9.75000000000000     
   985.000000000000       0.000000000000000E+000  -9.85000000000000     
   995.000000000000       0.000000000000000E+000  -9.95000000000000     
 Zone
   5.00000000000000      -0.348105003495639      -5.000000000000000E-002
   15.0000000000000      -0.354454630990656      -0.150000000000000     
   25.0000000000000      -0.227214788683329      -0.250000000000000     
   35.0000000000000      -0.194755533157140      -0.350000000000000     
   45.0000000000000      -0.129837022104760      -0.450000000000000     
   55.0000000000000      -9.737776657856977E-002 -0.550000000000000     
   65.0000000000000      -3.245925552618992E-002 -0.650000000000000     
   75.0000000000000       0.000000000000000E+000 -0.750000000000000     
   85.0000000000000       0.000000000000000E+000 -0.850000000000000     
   95.0000000000000       0.000000000000000E+000 -0.950000000000000     
   105.000000000000       0.000000000000000E+000  -1.05000000000000     
   115.000000000000       0.000000000000000E+000  -1.15000000000000     
   125.000000000000       0.000000000000000E+000  -1.25000000000000     
   135.000000000000       0.000000000000000E+000  -1.35000000000000     
   145.000000000000       0.000000000000000E+000  -1.45000000000000     
   155.000000000000       0.000000000000000E+000  -1.55000000000000     
   165.000000000000       0.000000000000000E+000  -1.65000000000000     
   175.000000000000       0.000000000000000E+000  -1.75000000000000     
   185.000000000000       0.000000000000000E+000  -1.85000000000000     
   195.000000000000       0.000000000000000E+000  -1.95000000000000     
   205.000000000000       0.000000000000000E+000  -2.05000000000000     
   215.000000000000       0.000000000000000E+000  -2.15000000000000     
   225.000000000000       0.000000000000000E+000  -2.25000000000000     
   235.000000000000       0.000000000000000E+000  -2.35000000000000     
   245.000000000000       0.000000000000000E+000  -2.45000000000000     
   255.000000000000       0.000000000000000E+000  -2.55000000000000     
   265.000000000000       0.000000000000000E+000  -2.65000000000000     
   275.000000000000       0.000000000000000E+000  -2.75000000000000     
   285.000000000000       0.000000000000000E+000  -2.85000000000000     
   295.000000000000       0.000000000000000E+000  -2.95000000000000     
   305.000000000000       0.000000000000000E+000  -3.05000000000000     
   315.000000000000       0.000000000000000E+000  -3.15000000000000     
   325.000000000000       0.000000000000000E+000  -3.25000000000000     
   335.000000000000       0.000000000000000E+000  -3.35000000000000     
   345.000000000000       0.000000000000000E+000  -3.45000000000000     
   355.000000000000       0.000000000000000E+000  -3.55000000000000     
   365.000000000000       0.000000000000000E+000  -3.65000000000000     
   375.000000000000       0.000000000000000E+000  -3.75000000000000     
   385.000000000000       0.000000000000000E+000  -3.85000000000000     
   395.000000000000       0.000000000000000E+000  -3.95000000000000     
   405.000000000000       0.000000000000000E+000  -4.05000000000000     
   415.000000000000       0.000000000000000E+000  -4.15000000000000     
   425.000000000000       0.000000000000000E+000  -4.25000000000000     
   435.000000000000       0.000000000000000E+000  -4.35000000000000     
   445.000000000000       0.000000000000000E+000  -4.45000000000000     
   455.000000000000       0.000000000000000E+000  -4.55000000000000     
   465.000000000000       0.000000000000000E+000  -4.65000000000000     
   475.000000000000       0.000000000000000E+000  -4.75000000000000     
   485.000000000000       0.000000000000000E+000  -4.85000000000000     
   495.000000000000       0.000000000000000E+000  -4.95000000000000     
   505.000000000000       0.000000000000000E+000  -5.05000000000000     
   515.000000000000       0.000000000000000E+000  -5.15000000000000     
   525.000000000000       0.000000000000000E+000  -5.25000000000000     
   535.000000000000       0.000000000000000E+000  -5.35000000000000     
   545.000000000000       0.000000000000000E+000  -5.45000000000000     
   555.000000000000       0.000000000000000E+000  -5.55000000000000     
   565.000000000000       0.000000000000000E+000  -5.65000000000000     
   575.000000000000       0.000000000000000E+000  -5.75000000000000     
   585.000000000000       0.000000000000000E+000  -5.85000000000000     
   595.000000000000       0.000000000000000E+000  -5.95000000000000     
   605.000000000000       0.000000000000000E+000  -6.05000000000000     
   615.000000000000       0.000000000000000E+000  -6.15000000000000     
   625.000000000000       0.000000000000000E+000  -6.25000000000000     
   635.000000000000       0.000000000000000E+000  -6.35000000000000     
   645.000000000000       0.000000000000000E+000  -6.45000000000000     
   655.000000000000       0.000000000000000E+000  -6.55000000000000     
   665.000000000000       0.000000000000000E+000  -6.65000000000000     
   675.000000000000       0.000000000000000E+000  -6.75000000000000     
   685.000000000000       0.000000000000000E+000  -6.85000000000000     
   695.000000000000       0.000000000000000E+000  -6.95000000000000     
   705.000000000000       0.000000000000000E+000  -7.05000000000000     
   715.000000000000       0.000000000000000E+000  -7.15000000000000     
   725.000000000000       0.000000000000000E+000  -7.25000000000000     
   735.000000000000       0.000000000000000E+000  -7.35000000000000     
   745.000000000000       0.000000000000000E+000  -7.45000000000000     
   755.000000000000       0.000000000000000E+000  -7.55000000000000     
   765.000000000000       0.000000000000000E+000  -7.65000000000000     
   775.000000000000       0.000000000000000E+000  -7.75000000000000     
   785.000000000000       0.000000000000000E+000  -7.85000000000000     
   795.000000000000       0.000000000000000E+000  -7.95000000000000     
   805.000000000000       0.000000000000000E+000  -8.05000000000000     
   815.000000000000       0.000000000000000E+000  -8.15000000000000     
   825.000000000000       0.000000000000000E+000  -8.25000000000000     
   835.000000000000       0.000000000000000E+000  -8.35000000000000     
   845.000000000000       0.000000000000000E+000  -8.45000000000000     
   855.000000000000       0.000000000000000E+000  -8.55000000000000     
   865.000000000000       0.000000000000000E+000  -8.65000000000000     
   875.000000000000       0.000000000000000E+000  -8.75000000000000     
   885.000000000000       0.000000000000000E+000  -8.85000000000000     
   895.000000000000       0.000000000000000E+000  -8.95000000000000     
   905.000000000000       0.000000000000000E+000  -9.05000000000000     
   915.000000000000       0.000000000000000E+000  -9.15000000000000     
   925.000000000000       0.000000000000000E+000  -9.25000000000000     
   935.000000000000       0.000000000000000E+000  -9.35000000000000     
   945.000000000000       0.000000000000000E+000  -9.45000000000000     
   955.000000000000       0.000000000000000E+000  -9.55000000000000     
   965.000000000000       0.000000000000000E+000  -9.65000000000000     
   975.000000000000       0.000000000000000E+000  -9.75000000000000     
   985.000000000000       0.000000000000000E+000  -9.85000000000000     
   995.000000000000       0.000000000000000E+000  -9.95000000000000     
